matriz = [
    [1, 1, 1, 1, 1, 1, 7, 7, 3, 1, 1, 1, 1, 1, 1]
    [1, 1, 1, 1, 1, 1, 5, 0, 3, 1, 1, 1, 1, 1, 1]
    [1, 1, 1, 1, 1, 1, 5, 0, 3, 1, 1, 1, 1, 1, 1]
    [1, 1, 1, 1, 1, 1, 5, 0, 3, 1, 1, 1, 1, 1, 1]
    [1, 1, 1, 1, 1, 1, 5, 0, 3, 1, 1, 1, 1, 1, 1]
    [1, 1, 1, 1, 1, 1, 5, 0, 9, 1, 1, 1, 1, 1, 1]
    [7, 7, 7, 7, 7, 8, x, x, x, 7, 7, 7, 7, 7, 3]
    [5, 0, 0, 0, 0, 0, x, x, x, 0, 0, 0, 0, 0, 3]
    [5, 0, 0, 0, 0, 0, x, x, x, 2, 0, 0, 0, 0, 3]
    [1, 1, 1, 1, 1, 1, 6, 0, 3, 1, 1, 1, 1, 1, 1]
    [1, 1, 1, 1, 1, 1, 5, 0, 3, 1, 1, 1, 1, 1, 1]
    [1, 1, 1, 1, 1, 1, 5, 0, 3, 1, 1, 1, 1, 1, 1]
    [1, 1, 1, 1, 1, 1, 5, 0, 3, 1, 1, 1, 1, 1, 1]
    [1, 1, 1, 1, 1, 1, 5, 0, 3, 1, 1, 1, 1, 1, 1]
    [1, 1, 1, 1, 1, 1, 5, 0, 0, 1, 1, 1, 1, 1, 1]]
